118
121
138
227
256
310
312
313
347
472
588
589
590
654
657
687
760
763
772
780
837
885
961
964
965
975
1007
1152
1156
1168
1236
1238
1240
1376
1412
1418
1420
1422
1546
1619
1760
1930
2014
2022
2025
2046
2063
2156
2189
2302
2307
2348
2397
2398
2589
2722
2739
2741
2760
2761
2762
2768
2795
2820
2834
2855
2934
2987
3046
3048
3055
3086
3124
3139
3242
3281
3282
3440
3549
3569
3580
3832
3932
3939
4283
4446
4478
4548
4561
4596
4598
4599
4615
4757
5006
5010
5014
5107
5129
5141
5154
5185
5253
5263
5431
5525
5619
5678
5679
5684
5764
5791
5792
5930
5931
5997
6044
6255
6288
6300
6310
6336
6385
6563
6564
6565
6566
6568
6714
6847
6917
7099
7112
7132
7139
7150
7323
7349
7383
7437
7498
7727
7774
7792
8007
8020
8091
8294
8295
8304
8311
8469
8495
8627
8657
8773
8884
8885
8897
8924
8992
9111
9137
9226
9233
9267
9373
9626
9658
9841
9851
9941
9972
10014
10039
10067