46
160
181
281
312
588
672
682
687
837
1152
1184
1236
1377
1379
1403
1420
1433
1718
1779
1800
1919
2105
2228
2396
2660
2717
2722
2739
2760
2761
2939
2963
2987
3009
3048
3601
3818
3932
4184
4275
4276
4596
4598
4599
4615
4686
4787
4887
4962
5138
5141
5142
5169
5263
5435
5489
5802
5810
5868
5924
5930
5931
5978
5992
5997
6013
6058
6185
6321
6516
6560
6561
6562
6564
6566
6567
6568
6572
6573
6620
6633
6647
6693
6803
6816
6862
6875
6923
6967
6993
7099
7328
7442
7516
7522
7694
7727
7772
7784
8094
8773
8887
8958
8992
9024
9226
9233
9264
9363
9373
9374
9626
9814
10170
10227