138
140
185
264
472
588
609
654
687
781
882
961
1152
1355
1376
1540
1542
1779
1813
2014
2025
2149
2336
2451
2486
2564
2658
2761
2825
2939
2940
2987
3197
3323
3440
3491
3514
3567
3970
4000
4127
4184
4199
4401
4478
4520
4560
4615
4668
4793
5003
5009
5053
5212
5320
5432
5435
5503
5506
5528
5571
5646
5659
5764
5852
5997
6012
6112
6116
6153
6234
6253
6258
6317
6336
6564
6965
7099
7133
7305
7349
7362
7363
7585
7772
7792
7818
7823
7999
8108
8293
8295
8410
8439
8563
8583
8660
8772
8773
8778
8909
8917
8919
8932
8961
8992
8995
9009
9226
9366
9406
9531
9654
9942
10008