174
194
355
472
483
573
588
589
590
651
667
687
763
768
883
961
964
968
1060
1168
1204
1256
1282
1353
1377
1378
1420
1435
1728
1779
1793
1794
1808
1930
2021
2024
2025
2058
2146
2353
2389
2420
2589
2722
2727
2736
2738
2760
2762
2926
2939
2940
2987
3049
3050
3095
3118
3128
3147
3396
3440
3489
3576
3594
3601
3735
3818
3932
4143
4205
4276
4330
4352
4478
4481
4482
4489
4512
4518
4575
4598
4599
4615
5003
5185
5208
5254
5303
5503
5791
5796
5802
5871
5997
6004
6044
6219
6251
6296
6303
6385
6392
6416
6562
6564
6567
6868
6879
6893
6923
6948
7094
7099
7113
7150
7160
7284
7328
7349
7362
7427
7485
7522
7531
7597
7775
7842
8007
8280
8290
8295
8304
8474
8653
8657
8896
8928
8968
9067
9083
9226
9234
9472
9481
9698
9812
9873
9932
9935
9971
10106
10120