2
51
53
61
66
135
140
141
142
163
208
217
230
243
257
259
261
272
276
280
284
290
326
365
387
397
399
401
407
409
417
454
467
519
550
553
555
556
561
564
572
584
605
618
626
633
634
635
642
653
666
670
671
682
721
726
729
732
735
750
809
816
817
818
820
825
840
841
862
882
888
896
923
933
946
949
950
960
962
963
964
965
977
980
982
984
985
988
999
1004
1011
1012
1017
1023
1025
1037
1056
1057
1058
1066
1067
1074
1087
1092
1117
1126
1127
1157
1165
1167
1173
1176
1178
1179
1180
1183
1185
1186
1211
1213
1253
1259
1268
1292
1294
1317
1319
1346
1347
1348
1351
1353
1377
1416
1435
1439
1443
1445
1447
1453
1455
1457
1458
1464
1467
1471
1480
1494
1499
1511
1515
1518
1521
1525
1537
1540
1554
1562
1563
1565
1586
1606
1612
1622
1640
1642
1645
1646
1653
1680
1693
1694
1702
1717
1718
1727
1793
1800
1801
1811
1812
1823
1856
1857
1858
1861
1872
1884
1901
1932
1936
1948
1949
1961
1987
2017
2018
2031
2038
2042
2046
2059
2064
2076
2100
2103
2112
2114
2116
2121
2123
2124
2162
2169
2170
2178
2191
2203
2205
2211
2214
2247
2253
2257
2258
2261
2268
2282
2293
2301
2304
2315
2318
2330
2332
2337
2340
2341
2344
2345
2356
2389
2437
2438
2442
2446
2447
2450
2451
2466
2472
2473
2486
2492
2512
2515
2520
2523
2528
2540
2578
2580
2581
2586
2609
2613
2616
2629
2630
2636
2640
2651
2653
2669
2670
2672
2678
2684
2690
2693
2702
2716
2737
2746
2768
2774
2775
2780
2808
2809
2823
2879
2883
2888
2889
2890
2891
2899
2901
2902
2904
2915
2923
2924
2934
2936
2937
2950
2986
2995
2996
3004
3043
3064
3101
3102
3107
3132
3136
3144
3158
3168
3172
3184
3213
3216
3228
3229
3243
3268
3277
3299
3309
3334
3339
3341
3353
3367
3368
3371
3387
3398
3400
3409
3416
3453
3456
3457
3478
3489
3501
3503
3505
3519
3520
3523
3537
3547
3563
3577
3624
3630
3633
3635
3641
3642
3643
3665
3666
3668
3671
3672
3673
3679
3705
3719
3728
3730
3731
3741
3744
3745
3746
3759
3761
3763
3769
3788
3789
3794
3805
3856
3857
3859
3860
3861
3888
3906
3907
3917
3919
3921
3922
3924
3925
3927
3928
3930
3934
3935
3938
3948
3998
4003
4008
4009
4014
4015
4016
4021
4028
4034
4073
4090
4095
4145
4146
4154
4162
4165
4196
4197
4204
4222
4225
4233
4249
4250
4251
4275
4276
4277
4281
4285
4286
4291
4293
4311
4323
4324
4372
4379
4380
4381
4391
4401
4413
4447
4453
4454
4477
4498
4501
4503
4505
4509
4510
4535
4551
4556
4597
4612
4617
4620
4626
4638
4652
4666
4710
4711
4717
4719
4742
4743
4756
4757
4785
4824
4826
4827
4829
4830
4842
4844
4848
4877
4883
4884
4896
4904
4906
4908
4909
4930
4952
4960
4976
4985
5007
5010
5011
5021
5026
5028
5029
5057
5059
5062
5064
5066
5069
5078
5084
5085
5094
5111
5128
5132
5137
5199
5208
5210
5239
5240
5251
5253
5255
5275
5276
5283
5284
5286
5287
5296
5297
5327
5330
5352
5353
5354
5357
5359
5365
5366
5369
5373
5419
5448
5479
5480
5486
5497
5505
5510
5516
5522
5528
5529
5532
5536
5557
5558
5571
5576
5577
5583
5585
5588
5604
5671
5672
5673
5674
5677
5680
5681
5682
5683
5686
5687
5689
5699
5700
5703
5713
5718
5722
5732
5746
5749
5752
5765
5767
5770
5774
5838
5847
5848
5849
5850
5862
5892
5899
5914
5921
5922
5939
5943
5944
5951
5954
5966
5969
5974
5984
5989
5995
5997
5998
6031
6032
6033
6041
6072
6076
6078
6084
6091
6095
6110
6115
6116
6132
6133
6136
6139
6164
6167
6187
6188
6239
6240
6255
6259
6272
6274
6307
6318
6323
6324
6328
6332
6335
6340
6365
6385
6389
6395
6396
6437
6448
6459
6471
6484
6524
6553
6558
6561
6562
6569
6581
6586
6587
6592
6648
6660
6689
6690
6696
6717
6772
6788
6791
6795
6816
6818
6838
6850
6856
6859
6865
6868
6901
6902
6921
6924
6937
6941
6943
6959
6961
7000
7027
7035
7039
7040
7058
7071
7072
7081
7109
7155
7178
7182
7183
7196
7233
7246
7247
7269
7276
7277
7285
7289
7292
7301
7302
7316
7319
7321
7322
7323
7331
7332
7334
7335
7338
7340
7346
7361
7374
7377
7392
7398
7399
7402
7419
7434
7454
7459
7462
7465
7466
7467
7473
7487
7488
7494
7495
7497
7501
7505
7514
7524
7527
7533
7554
7560
7561
7563
7566
7567
7570
7585
7586
7589
7599
7600
7606
7613
7619
7629
7633
7634
7650
7651
7655
7656
7661
7662
7664
7665
7671
7672
7673
7675
7676
7677
7690
7708
7727
7728
7737
7741
7750
7755
7763
7790
7835
7856
7862
7864
7869
7876
7926
7942
7946
7948
7949
7964
7969
7980
7982
7992
7993
8014
8023
8039
8040
8041
8044
8068
8106
8107
8113
8117
8119
8120
8121
8123
8130
8152
8183
8190
8199
8200
8202
8204
8240
8258
8259
8267
8271
8314
8334
8353
8359
8372
8379
8380
8390
8392
8403
8437
8445
8448
8449
8455
8458
8459
8480
8481
8487
8490
8494
8509
8526
8528
8542
8546
8547
8548
8553
8556
8557
8561
8570
8605
8611
8620
8624
8631
8632
8642
8650
8651
8654
8656
8657
8660
8664
8681
8682
8719
8729
8760
8763
8764
8767
8768
8791
8802
8819
8840
8852
8861
8862
8873
8875
8878
8894
8899
8900
8906
8910
8923
8924
8929
8939
8941
8957
8958
8968
8976
8978
8981
8990
8998
9008
9018
9023
9032
9033
9047
9050
9053
9054
9055
9056
9057
9058
9071
9089
9101
9118
9119
9167
9172
9173
9193
9194
9195
9196
9231
9257
9263
9264
9266
9267
9268
9270
9271
9274
9276
9280
9281
9283
9285
9286
9287
9288
9289
9290
9292
9295
9296
9298
9299
9302
9303
9304
9310
9312
9314
9316
9318
9322
9327
9333
9341
9342
9364
9386
9419
9428
9433
9459
9483
9486
9492
9494
9511
9514
9519
9537
9539
9553
9565
9566
9567
9569
9579
9607
9611
9614
9616
9617
9631
9636
9637
9650
9654
9655
9657
9659
9682
9684
9690
9691
9692
9720
9724
9726
9747
9748
9762
9772
9786
9813
9826
9828
9850
9853
9866
9870
9878
9881
9892
9898
9907
9911
9913
9923
9944
9954
9957
9959
9978
9997
9998
9999
10000
10001
10002
10031
10034
10036
10043
10044
10046
10055
10057
10073
10089
10091
10101
10119
10124
10130
10139
10144
10148
10151
10153
10161
10165
10167
10168
10172
10175
10179
10180
10181
10182
10184
10186
10187
10188
10190
10194
10198
10207
10218
10219
10221
10232
10233
10240
10242
10243
10244
10245
10249
10273
10283
10291
10294
10297
10298
10307
10308
10309
10313
10315
10316
10319
10321
10329
10330
10338
10340
10343
10345
10348
10354
10356
10358
10359
10361
10362
10367
10368
10369
10370
10371
10374
10375
10376
10378
10379
10380
10387
10388
10392
10393
10394
10395
10397
10399
10405
10406
10409
10414
10418
10419
10420
10422
10424
10426
10427
10429
10430
10431
10432
10433
10435
10436
10438
10441
10444
10455
10457
10459
10461