1
24
47
56
59
60
95
111
116
143
144
146
178
212
214
215
287
297
299
300
314
331
350
380
457
461
503
544
552
554
569
570
571
595
645
646
654
680
684
694
706
737
741
753
755
764
765
772
786
799
800
804
805
832
833
834
835
837
842
843
845
846
847
849
850
851
879
885
904
906
927
930
931
935
936
945
948
966
968
975
1043
1076
1097
1114
1123
1135
1139
1140
1145
1149
1150
1151
1152
1181
1201
1215
1218
1219
1220
1221
1223
1240
1243
1266
1274
1276
1293
1308
1309
1310
1313
1352
1359
1360
1361
1362
1381
1387
1392
1397
1398
1400
1403
1413
1421
1481
1526
1529
1531
1539
1576
1582
1594
1598
1614
1660
1674
1684
1685
1686
1701
1720
1738
1740
1763
1766
1767
1792
1837
1873
1875
1876
1880
1900
1903
1905
1907
1923
1924
1928
1967
1978
1981
1984
1985
2008
2016
2026
2036
2054
2056
2057
2058
2065
2099
2126
2140
2154
2156
2163
2180
2187
2195
2207
2225
2256
2319
2348
2351
2352
2353
2394
2408
2481
2495
2521
2524
2530
2557
2559
2563
2582
2602
2612
2637
2638
2643
2644
2652
2682
2703
2705
2719
2722
2729
2740
2747
2748
2749
2750
2752
2753
2754
2755
2761
2763
2784
2785
2799
2801
2804
2805
2806
2814
2836
2837
2844
2845
2907
2909
2910
2911
2912
2913
2925
2926
2927
2932
2933
2939
2955
2980
2989
3005
3010
3029
3038
3041
3042
3044
3045
3046
3051
3052
3063
3079
3083
3085
3087
3096
3098
3109
3119
3126
3142
3146
3147
3148
3149
3179
3185
3191
3276
3278
3279
3280
3391
3425
3426
3436
3437
3471
3477
3486
3506
3513
3541
3570
3584
3588
3590
3611
3674
3675
3762
3771
3776
3785
3792
3831
3832
3849
3873
3887
3894
3895
3912
3920
3945
3951
3952
3956
3967
3968
3973
3975
3989
4018
4019
4062
4078
4080
4083
4084
4125
4126
4129
4133
4135
4155
4158
4163
4177
4182
4186
4194
4216
4218
4219
4306
4315
4327
4347
4364
4385
4386
4387
4392
4402
4415
4416
4417
4466
4515
4521
4523
4526
4527
4540
4573
4589
4592
4607
4609
4635
4646
4648
4649
4653
4665
4713
4751
4766
4769
4771
4784
4793
4812
4849
4853
4854
4881
4889
4894
4929
4965
4989
4992
5013
5015
5032
5033
5035
5039
5043
5060
5071
5120
5175
5176
5187
5224
5231
5263
5298
5299
5310
5312
5315
5316
5317
5318
5329
5331
5334
5337
5342
5344
5378
5380
5459
5488
5492
5494
5500
5504
5520
5533
5551
5555
5562
5565
5567
5575
5590
5597
5601
5602
5603
5609
5619
5648
5657
5676
5685
5688
5726
5729
5750
5753
5754
5755
5756
5760
5761
5776
5833
5870
5871
5875
5881
5884
5889
5893
5920
5930
5934
5937
5957
5994
6002
6003
6006
6007
6034
6046
6069
6074
6080
6092
6105
6111
6117
6119
6143
6154
6163
6168
6196
6204
6273
6290
6304
6331
6347
6351
6353
6355
6356
6360
6361
6368
6393
6397
6414
6439
6441
6442
6496
6549
6568
6583
6598
6619
6620
6623
6631
6633
6682
6686
6687
6698
6756
6762
6763
6793
6799
6803
6811
6821
6855
6858
6867
6872
6882
6900
6935
6958
6968
6970
6972
6977
6978
6994
7005
7011
7016
7034
7062
7076
7088
7100
7157
7161
7180
7184
7187
7198
7200
7210
7214
7215
7217
7221
7223
7230
7253
7267
7336
7343
7348
7350
7354
7356
7365
7375
7384
7404
7423
7431
7445
7448
7507
7515
7530
7545
7575
7592
7601
7636
7680
7691
7703
7715
7735
7749
7776
7786
7890
7891
7893
7916
7935
7961
8027
8033
8034
8035
8131
8132
8134
8135
8147
8157
8161
8176
8184
8196
8209
8249
8260
8270
8276
8407
8452
8453
8454
8464
8468
8471
8474
8475
8491
8521
8569
8574
8578
8592
8594
8601
8637
8640
8655
8663
8665
8698
8708
8730
8731
8739
8740
8758
8759
8770
8771
8783
8786
8787
8795
8800
8829
8863
8889
8905
8966
8986
9029
9043
9049
9060
9066
9070
9074
9094
9109
9114
9132
9133
9135
9136
9140
9142
9143
9144
9145
9151
9169
9182
9211
9238
9244
9245
9334
9345
9346
9348
9359
9360
9420
9436
9443
9453
9454
9458
9479
9524
9526
9532
9560
9592
9593
9594
9603
9706
9707
9713
9781
9814
9895
9900
9902
9936
9948
9949
9951
9958
9961
10003
10010
10051
10060
10074
10076
10083
10088
10092
10093
10096
10103
10105
10108
10136
10154
10189
10202
10208
10250
10251
10323
10334
10366
10448
10454