126
129
144
213
242
297
299
300
331
457
539
569
570
571
645
650
684
737
741
753
764
799
849
927
930
931
945
975
1139
1143
1150
1151
1219
1221
1223
1288
1359
1392
1398
1400
1402
1535
1539
1594
1720
1880
1967
1977
1981
1997
2016
2099
2139
2163
2256
2265
2307
2352
2353
2559
2703
2722
2724
2747
2748
2749
2755
2763
2784
2806
2817
2837
2925
2980
3041
3044
3051
3087
3126
3147
3149
3279
3280
3437
3536
3559
3570
3818
3832
3881
3989
3995
4126
4298
4315
4330
4479
4523
4589
4609
4646
4648
4649
4665
4792
4888
5035
5039
5043
5152
5175
5187
5200
5224
5231
5298
5312
5488
5590
5597
5692
5728
5754
5755
5760
5841
5870
5871
6006
6007
6008
6074
6117
6119
6304
6338
6350
6360
6392
6441
6568
6618
6619
6620
6621
6623
6763
6905
6972
7161
7173
7198
7205
7217
7404
7431
7472
7530
7592
7715
7729
7841
7890
7905
8135
8147
8222
8453
8454
8464
8471
8640
8663
8771
8800
8912
9027
9029
9043
9078
9151
9291
9348
9436
9443
9477
9593
9903
10076
10086
10212
10251
10286
10306
10331