335
457
539
554
569
570
571
640
662
684
741
748
808
847
927
930
935
1049
1150
1194
1241
1330
1360
1361
1400
1415
1738
1756
1757
1769
1880
1975
1979
1981
2008
2085
2374
2559
2703
2709
2719
2721
2739
2747
2749
2916
2932
2933
2980
3045
3046
3096
3119
3156
3393
3437
3486
3566
3582
3723
3873
3989
4185
4243
4308
4364
4386
4411
4523
4526
4527
4531
4557
4630
4648
4649
4665
4894
4913
4951
5032
5231
5257
5299
5304
5348
5565
5725
5870
5875
5881
5952
6006
6074
6082
6092
6117
6119
6301
6345
6353
6441
6449
6617
6619
6622
6664
6741
6926
6935
6949
7004
7157
7161
7174
7217
7231
7365
7409
7431
7445
7519
7575
7618
7627
7703
7715
7891
7959
8135
8385
8413
8440
8454
8464
8645
8796
8800
9042
9080
9125
9238
9436
9444
9508
9713
9723
9941
10051
10109
10203
10208
10209
10250
10366