58
171
269
299
569
667
677
684
799
1139
1166
1219
1360
1383
1400
1413
1685
1738
1764
1869
2054
2180
2351
2644
2703
2722
2747
2748
2763
2932
2955
2980
3005
3044
3414
3676
3838
3848
3873
3989
4219
4307
4308
4432
4646
4648
4649
4665
4732
4816
4991
4999
5184
5187
5188
5215
5312
5492
5551
5675
5725
5857
5881
5890
5948
6000
6006
6007
6008
6054
6068
6074
6090
6092
6237
6347
6576
6615
6616
6617
6619
6621
6622
6623
6627
6628
6676
6698
6746
6854
6871
6919
6931
7024
7161
7409
7534
7612
7618
7802
7841
7887
8226
8912
9031
9114
9151
9184
9436
9443
9473
9580
9593
9594
9606
10053
10209