45
107
144
146
176
249
350
457
569
600
644
645
684
765
846
927
944
1139
1332
1359
1531
1534
1738
1773
1931
1967
1981
2091
2254
2296
2403
2445
2527
2575
2637
2748
2810
2887
2932
2933
2980
3100
3315
3437
3488
3508
3557
3891
4025
4172
4219
4237
4360
4436
4523
4565
4608
4665
4713
4822
4894
4913
4999
5032
5038
5056
5098
5288
5367
5481
5489
5492
5559
5565
5567
5593
5638
5641
5717
5734
5841
5932
6074
6089
6185
6190
6281
6312
6368
6392
6619
7022
7161
7199
7387
7431
7445
7446
7691
7887
7905
7928
7932
7938
8124
8244
8452
8454
8567
8601
8725
8746
8806
8911
8912
8915
9059
9068
9070
9117
9151
9154
9170
9293
9332
9436
9466
9586
9645
9777
9899
10213