2
11
60
62
63
64
69
73
76
81
82
83
114
157
162
167
168
169
170
171
193
208
209
215
216
237
239
276
278
289
304
320
332
335
337
339
351
357
361
365
372
373
413
437
452
455
471
486
494
504
506
507
508
509
511
522
523
525
533
541
544
546
576
580
589
625
653
679
685
689
691
692
697
700
708
720
730
743
762
770
777
778
779
780
785
786
789
798
811
815
816
827
834
849
850
862
864
866
867
868
869
870
871
872
873
874
876
877
890
897
900
903
907
908
923
946
957
961
963
965
1012
1022
1023
1024
1026
1030
1047
1048
1049
1056
1068
1069
1076
1079
1102
1103
1110
1118
1151
1153
1162
1173
1175
1178
1181
1182
1191
1194
1196
1197
1200
1213
1218
1222
1224
1226
1227
1229
1230
1231
1232
1233
1234
1244
1246
1253
1256
1259
1264
1265
1279
1295
1297
1322
1323
1324
1334
1335
1340
1341
1345
1347
1362
1369
1387
1398
1409
1425
1443
1445
1450
1452
1453
1461
1463
1467
1469
1470
1473
1476
1477
1478
1479
1482
1483
1487
1488
1490
1491
1496
1497
1529
1530
1531
1532
1533
1534
1536
1552
1553
1581
1588
1589
1602
1612
1613
1629
1631
1656
1658
1688
1689
1690
1693
1695
1726
1748
1770
1773
1776
1795
1800
1804
1806
1808
1813
1815
1817
1818
1820
1822
1823
1829
1832
1837
1846
1847
1849
1864
1870
1883
1887
1892
1895
1899
1911
1914
1921
1930
1940
1941
1945
1976
2005
2011
2022
2041
2044
2050
2053
2054
2062
2065
2067
2077
2101
2106
2107
2123
2124
2138
2145
2147
2152
2160
2170
2211
2214
2247
2254
2255
2265
2266
2268
2273
2282
2310
2316
2319
2320
2328
2329
2330
2333
2336
2341
2343
2348
2361
2370
2383
2421
2425
2437
2438
2453
2483
2485
2499
2506
2521
2522
2539
2547
2549
2551
2552
2556
2557
2562
2579
2583
2589
2614
2632
2642
2645
2648
2657
2659
2661
2663
2668
2670
2671
2715
2719
2724
2725
2734
2747
2759
2760
2764
2765
2766
2769
2776
2780
2781
2804
2808
2826
2832
2836
2837
2840
2849
2850
2865
2869
2879
2880
2892
2896
2912
2915
2927
2929
2930
2936
2939
2940
2948
2949
2960
2981
2982
3003
3018
3061
3065
3069
3070
3074
3075
3092
3099
3100
3114
3120
3136
3142
3143
3146
3151
3154
3155
3161
3174
3214
3216
3217
3222
3245
3249
3252
3265
3266
3272
3288
3289
3290
3292
3300
3310
3311
3313
3318
3320
3321
3327
3338
3341
3342
3363
3378
3379
3403
3412
3437
3445
3446
3447
3448
3449
3452
3457
3478
3486
3491
3492
3493
3512
3556
3557
3567
3577
3583
3584
3587
3589
3591
3592
3593
3594
3595
3600
3601
3603
3605
3606
3610
3611
3612
3613
3626
3635
3636
3649
3650
3651
3653
3654
3660
3668
3704
3714
3715
3717
3721
3726
3769
3792
3793
3832
3833
3834
3850
3865
3874
3879
3883
3891
3911
3919
3924
3929
3945
3950
3971
3985
3988
4000
4001
4020
4058
4066
4077
4095
4106
4110
4124
4138
4139
4140
4144
4146
4160
4172
4178
4179
4181
4199
4201
4204
4205
4221
4222
4224
4237
4248
4249
4289
4292
4293
4306
4315
4316
4317
4325
4331
4335
4346
4348
4350
4352
4370
4371
4374
4375
4377
4378
4381
4382
4383
4385
4388
4391
4416
4425
4427
4446
4461
4479
4489
4514
4527
4528
4534
4535
4538
4540
4546
4547
4550
4552
4575
4576
4579
4591
4592
4598
4609
4625
4636
4638
4639
4649
4652
4653
4654
4657
4659
4660
4671
4674
4678
4680
4682
4690
4712
4713
4714
4723
4744
4755
4762
4763
4765
4783
4784
4794
4796
4798
4799
4801
4802
4804
4805
4807
4811
4812
4815
4826
4894
4900
4905
4910
4911
4916
4917
4918
4923
4930
4936
4943
4959
4986
5004
5010
5045
5075
5076
5077
5082
5089
5097
5100
5134
5136
5137
5143
5166
5169
5179
5196
5197
5198
5216
5218
5229
5230
5231
5232
5236
5240
5242
5245
5248
5250
5268
5269
5286
5289
5343
5344
5352
5353
5354
5365
5366
5368
5377
5378
5379
5394
5428
5431
5437
5438
5464
5483
5487
5490
5492
5494
5498
5499
5533
5534
5546
5551
5590
5591
5592
5605
5620
5626
5629
5635
5652
5663
5670
5672
5675
5689
5744
5745
5746
5747
5748
5749
5750
5751
5752
5753
5756
5757
5758
5760
5762
5763
5764
5765
5766
5767
5768
5769
5770
5771
5772
5773
5774
5775
5776
5777
5778
5779
5780
5781
5782
5783
5786
5787
5788
5789
5790
5791
5792
5794
5795
5796
5797
5798
5799
5800
5801
5802
5803
5804
5805
5806
5810
5814
5816
5822
5837
5845
5846
5849
5850
5859
5860
5886
5887
5893
5897
5908
5909
5913
5955
5957
5959
5960
5967
5975
5977
5982
5985
6017
6019
6020
6028
6029
6040
6044
6053
6054
6055
6060
6062
6063
6064
6077
6090
6098
6099
6116
6128
6138
6139
6143
6146
6150
6154
6155
6160
6166
6188
6192
6194
6209
6211
6213
6214
6219
6221
6222
6239
6244
6252
6254
6257
6259
6261
6264
6273
6279
6298
6315
6319
6324
6342
6361
6394
6403
6405
6418
6420
6442
6443
6455
6458
6460
6461
6463
6465
6468
6476
6494
6495
6497
6498
6505
6506
6508
6509
6513
6514
6515
6522
6523
6555
6559
6571
6581
6589
6590
6591
6596
6600
6606
6607
6608
6611
6616
6621
6643
6650
6651
6667
6696
6697
6728
6729
6730
6733
6734
6741
6753
6762
6768
6773
6779
6787
6788
6789
6792
6797
6817
6820
6821
6825
6829
6837
6842
6843
6849
6851
6854
6856
6872
6873
6949
6951
6952
6953
6954
6957
6959
6961
6962
6963
6965
6967
6973
6974
6976
6977
6989
6990
6993
7006
7007
7008
7012
7016
7031
7045
7048
7051
7064
7065
7067
7070
7074
7102
7128
7136
7148
7158
7159
7160
7161
7176
7209
7216
7231
7232
7242
7243
7246
7250
7258
7269
7273
7275
7282
7285
7300
7303
7308
7312
7319
7325
7331
7333
7334
7347
7362
7367
7369
7370
7371
7376
7377
7378
7387
7391
7421
7425
7428
7429
7436
7438
7440
7447
7453
7454
7455
7474
7481
7482
7499
7500
7504
7507
7508
7509
7510
7511
7533
7540
7545
7550
7551
7568
7569
7575
7578
7581
7613
7616
7617
7619
7620
7621
7646
7649
7650
7669
7670
7671
7678
7679
7683
7697
7699
7747
7756
7757
7761
7766
7770
7775
7802
7834
7860
7864
7867
7871
7872
7892
7910
7922
7934
7939
7946
7947
7961
7975
8017
8032
8040
8041
8052
8057
8058
8059
8063
8064
8071
8083
8091
8093
8098
8111
8161
8162
8172
8182
8208
8227
8228
8234
8235
8254
8260
8262
8267
8283
8287
8289
8290
8291
8311
8316
8333
8342
8358
8362
8366
8387
8389
8399
8410
8425
8432
8435
8443
8448
8479
8484
8485
8505
8507
8509
8514
8515
8524
8528
8530
8548
8550
8557
8573
8585
8596
8624
8633
8638
8639
8662
8675
8676
8683
8689
8692
8693
8726
8772
8797
8801
8814
8815
8852
8861
8868
8869
8875
8887
8893
8900
8901
8902
8903
8911
8915
8918
8928
8929
8944
8947
8950
8951
8952
8960
8961
8963
8964
8967
8969
8975
8976
8981
8993
8997
8998
9008
9009
9012
9028
9029
9035
9036
9039
9058
9064
9078
9085
9099
9105
9108
9111
9112
9113
9114
9121
9123
9138
9139
9146
9147
9149
9153
9158
9170
9171
9183
9186
9191
9192
9193
9195
9200
9221
9228
9229
9231
9234
9235
9238
9250
9253
9254
9255
9260
9261
9271
9272
9278
9286
9287
9290
9294
9299
9304
9308
9311
9315
9316
9317
9321
9322
9336
9337
9341
9342
9347
9348
9350
9351
9358
9359
9360
9361
9362
9363
9367
9377
9389
9397
9398
9419
9420
9429
9433
9442
9447
9455
9484
9530
9532
9553
9559
9561
9566
9575
9589
9628
9638
9656
9661
9663
9664
9679
9680
9685
9700
9702
9714
9715
9722
9741
9743
9753
9767
9768
9773
9776
9777
9778
9784
9804
9817
9819
9826
9827
9849
9855
9856
9857
9858
9865
9869
9871
9872
9873
9875
9881
9883
9884
9909
9921
9922
9923
9940
9944
9945
9949
9953
9960
9969
9970
9972
9974
9987
9988
10017
10022
10034
10043
10044
10053
10057
10073
10075
10098
10099
10128
10157
10159
10175
10178
10192
10217
10226
10227
10233
10234
10235
10236
10237
10238
10239
10240
10244
10256
10265
10268
10280
10282
10286
10287
10291
10296
10297
10304
10333
10343
10344
10346
10351
10359
10362
10363
10370
10373
10374
10395
10396
10404
10406
10407
10409
10412
10419
10438
10454
10457
10458
10460
10461
10475
10479
10480
10481
10482
10492
10496
10497
10498
10502
10512
10518
10551
10556
10558
10576
10584
10585
10586
10593
10594
10604
10605
10613
10614
10622
10624
10625
10630
10634
10638
10654
10655
10669
10697
10709
10731
10746
10747
10752
10753
10756
10758
10762
10766
10767
10768
10769
10770
10771
10772
10799
10801
10812
10830
10857
10858
10870
10881
10882
10894
10901
10903
10907
10917
10927
10932
10933
10942
10945
10949
10965
10966
10967
10968
10971
10975
10978
10988
10990
10994
11008
11009
11019
11027
11029
11032
11035
11036
11044
11052
11061
11064
11065
11066
11076
11081
11083
11086
11093
11094
11113
11116
11119
11120
11121
11122
11123
11125
11126
11127
11135
11142
11152
11166
11180
11181
11189
11203
11204
11205
11206
11207
11208
11261
11268
11270
11272
11294
11295
11296
11299
11300
11301
11304
11307
11336
11340
11341
11347
11369
11385
11388
11389
11392
11393
11396
11397
11398
11399
11403
11404
11408
11409
11410
11414
11415
11416
11417
11420
11423
11425
11426
11427
11428
11430
11431
11432
11434
11437
11438
11439
11440
11443
11444
11445
11447
11448
11449
11451
11452
11453
11455
11460
11461
11462
11465
11466
11468
11469
11470
11473
11474
11476
11478
11480
11481
11483
11484
11485
11486
11490
11491
11492
11495
11496
11497
11500
11501
11503
11504
11505
11507
11509
11513
11514
11517
11518
11519
11520
11523
11524
11526
11527
11530
11532
11537
11541
11544
11549
11551
11552
11567
11568
11588
11591
11615
11645
11649
11653
11654
11663
11668
11678
11691
11692
11706
11732
11736
11740
11743
11745
11765
11768
11773
11791
11793
11807
11819
11821
11822
11824
11835
11848
11863
11866
11869
11870
11873
11875
11876
11886
11887
11889
11891
11893
11895
11898
11903
11904
11905
11911
11912
11913
11914
11917
11924
11928
11929
11931
11933
11957
11959
11960
11961
11962
11963
11971
11972
11973
12000
12006
12010
12012
12032
12033
12047
12057
12072
12082
12086
12109
12122
12124
12148
12151
12152
12166
12171
12179
12181
12184
12195
12201
12210
12212
12216
12219
12228
12237
12251
12259
12263
12268
12270
12277
12295
12297
12301
12315
12318
12321
12322
12325
12326
12327
12328
12336
12337
12338
12348
12350
12352
12355
12371
12375
12377
12384
12385
12399
12401
12420
12437
12439
12450
12468
12473
12481
12493
12498
12499
12507
12509
12519
12524
12528
12529
12531
12535
12538
12539
12542
12543
12544
12545
12547
12549
12550
12551
12554
12559
12562
12563
12566
12578
12579
12583
12588
12589
12592
12606
12607
12615
12616
12620
12621
12623
12624
12625
12626
12630
12659
12674
12682
12683
12685
12693
12694
12703
12704
12707
12708
12709
12711
12712
12716
12717
12720
12723
12725
12730
12734
12735
12739
12740
12744
12748
12749
12753
12757
12758
12759
12760
12761
12765
12766
12767
12768
12770
12771
12773
12774
12776
12777
12781
12782
12789
12791
12792
12793
12794
12797
12799
12800
12801
12802
12803
12806
12808
12811
12813
12815
12816
12817
12818
12819
12820
12821
12822
12823
12824
12825
12826
12828
12830
12831
12832
12833
12834
12836
12837
12843
12845
12847
12848
12849
12852
12854
12855
12856
12858
12861
12862
12867
12869
12871
12872
12873
12874
12875
12877
12881
12884
12889
12890
12893
12894
12896
12900
12901
12903
12907
12908
12909
12910
12911
12912
12913
12914
12915
12916
12918
12919
12922
12924
12925
12926
12928
12930
12931
12932
12934
12936
12939
12954
12956
12957
12958
12960
12962
12963
12965
12966
12967
12968
12970
12971
12972