72
198
224
347
385
705
812
822
829
997
1421
1437
1462
1542
1703
1705
1732
1753
1767
2113
2184
2210
2345
2570
2736
2955
3009
3279
3360
3365
3386
3413
3414
3431
3645
3646
3673
3698
3727
3770
4246
4475
4739
4879
5069
5162
5264
5265
5412
5665
5667
5668
5688
5832
5946
6079
6172
6180
6202
6379
6382
6383
6410
6538
6748
6812
6955
7019
7170
7198
7207
7279
7337
7343
7344
7345
7403
7417
7423
7446
7448
7501
7648
7784
7813
8078
8134
8135
8136
8138
8140
8141
8142
8143
8147
8148
8203
8218
8237
8305
8430
8451
8503
8518
8575
8621
8650
8780
9046
9196
9285
9292
9497
9537
9591
9604
10002
10198
10952
11092
11198
11241
11284
11368
11479
11673
11683
11722
11836
11849
11850
11862
12172
12397
12576
12829
12923