54
174
176
229
325
454
578
705
738
791
829
938
1054
1156
1176
1271
1421
1674
1702
1905
1908
2184
2223
2419
2463
2477
2633
2796
2833
2884
3025
3068
3160
3211
3273
3414
3494
3590
3645
3647
3698
3831
3978
4115
4272
4330
4356
4439
4767
4927
4961
5107
5162
5183
5326
5417
5512
5561
5616
5688
5808
5953
6042
6067
6180
6225
6231
6251
6284
6473
6510
6609
6745
6748
6822
6830
6832
6860
6912
6915
7011
7033
7151
7260
7423
7445
7565
7571
7706
7729
7738
7805
7868
8138
8619
8780
8818
9023
9075
9090
9091
9378
9591
9612
9640
9644
9652
9876
10026
10367
10369
10509
10547
10705
10728
10817
10950
10952
10957
11128
11139
11141
11160
11201
11241
11244
11264
11456
11550
11673
11715
11841
11919
12062
12202
12582