152
155
174
281
283
319
383
385
386
423
578
674
705
706
707
791
795
829
910
914
926
937
997
1057
1156
1159
1160
1177
1216
1421
1426
1440
1441
1542
1544
1546
1702
1741
1751
1753
1755
1909
1913
1990
2162
2356
2463
2473
2477
2498
2519
2641
2689
2716
2835
2846
2900
2956
2957
3196
3365
3386
3388
3413
3414
3415
3422
3431
3461
3489
3505
3526
3637
3698
3768
3770
3777
3818
3862
3895
3898
3926
4025
4068
4069
4272
4415
4441
4453
4753
4879
4886
5055
5255
5273
5295
5465
5512
5597
5617
5665
5667
5668
5688
5911
6036
6228
6232
6236
6343
6370
6382
6395
6422
6430
6524
6538
6744
6857
6865
6980
7023
7053
7054
7059
7151
7186
7187
7343
7344
7345
7423
7483
7485
7731
7773
7787
7797
7868
7878
7927
8070
8137
8138
8139
8140
8143
8328
8488
8564
8780
8792
8817
8824
8836
9041
9075
9120
9189
9256
9264
9405
9421
9537
9594
9612
9889
9904
9997
10368
10369
10379
10386
10602
10633
10775
10810
10952
11087
11089
11107
11150
11241
11454
11574
11673
11683
11726
11849
12172
12206
12423
12433
12581
12632
12679
12706
12741