33
217
233
245
431
578
590
674
690
705
706
707
787
807
829
914
921
1011
1055
1156
1159
1164
1310
1440
1503
1567
1592
1672
1703
1704
1753
1769
2184
2203
2218
2356
2471
2475
2477
2511
2624
2842
2905
2947
2983
3196
3365
3371
3383
3385
3413
3415
3534
3627
3645
3647
3698
3771
3772
3827
3856
3875
3909
4213
4272
4328
4449
4468
4475
4629
4673
4739
4879
5123
5189
5265
5331
5359
5512
5515
5517
5524
5552
5559
5639
5667
5668
5688
6042
6067
6115
6225
6430
6469
6525
6530
6582
6830
7019
7186
7192
7198
7283
7343
7423
7433
7448
7483
7485
7687
7727
7781
7790
7927
7935
7962
8136
8138
8141
8189
8299
8511
8522
8536
8575
8601
8775
8780
8793
8836
8850
8999
9046
9075
9090
9178
9243
9292
9309
9391
9405
9595
9674
9889
10249
10313
10355
10364
10369
10379
10580
10608
10806
10810
11106
11155
11214
11339
11357
11673
11684
11761
11998
12009
12248
12395
12458
12571
12575
12576
12631
12635
12788
12810
12814