1
29
56
70
74
75
112
138
141
173
174
176
247
281
282
284
285
368
383
385
386
400
423
447
454
488
578
583
635
680
687
688
690
705
706
707
733
791
792
799
825
829
842
856
910
914
926
928
937
938
945
983
997
998
1007
1008
1039
1040
1041
1042
1044
1050
1051
1053
1054
1055
1057
1058
1059
1099
1107
1128
1132
1156
1159
1160
1164
1165
1177
1180
1201
1203
1216
1303
1348
1374
1395
1417
1421
1422
1431
1439
1440
1441
1442
1484
1513
1538
1541
1542
1543
1544
1546
1566
1568
1600
1607
1609
1630
1647
1648
1649
1652
1694
1702
1703
1704
1706
1709
1730
1736
1741
1750
1751
1753
1756
1767
1778
1793
1848
1900
1903
1905
1913
1959
1971
1990
1994
2013
2083
2098
2112
2113
2114
2136
2162
2184
2186
2209
2215
2216
2246
2302
2307
2349
2351
2352
2356
2378
2382
2386
2389
2391
2409
2410
2414
2463
2474
2477
2480
2481
2511
2519
2530
2544
2570
2574
2575
2576
2577
2578
2590
2641
2673
2690
2704
2709
2716
2736
2743
2751
2771
2795
2835
2916
2952
2955
2956
2957
3012
3030
3109
3123
3152
3156
3163
3191
3196
3200
3218
3238
3248
3273
3274
3278
3279
3287
3325
3365
3367
3383
3386
3393
3405
3413
3414
3415
3417
3419
3420
3421
3422
3428
3431
3461
3462
3480
3481
3483
3487
3488
3489
3502
3525
3526
3536
3537
3618
3620
3621
3622
3623
3624
3637
3638
3639
3645
3646
3647
3656
3673
3698
3707
3716
3727
3733
3756
3765
3768
3770
3771
3772
3777
3778
3791
3809
3814
3816
3818
3827
3829
3844
3856
3862
3888
3894
3895
3896
3898
3903
3940
3946
3952
4065
4067
4068
4069
4211
4260
4261
4271
4272
4308
4314
4328
4353
4355
4363
4420
4453
4470
4477
4480
4511
4681
4692
4697
4709
4721
4739
4761
4770
4771
4790
4797
4823
4829
4830
4835
4837
4847
4848
4856
4858
4879
4920
4921
4973
4990
4992
4995
4996
5054
5055
5058
5062
5064
5090
5093
5098
5112
5119
5124
5132
5158
5160
5162
5263
5273
5292
5313
5331
5358
5359
5360
5367
5383
5396
5397
5398
5450
5504
5510
5512
5515
5516
5517
5532
5569
5597
5600
5615
5617
5648
5665
5667
5668
5674
5676
5688
5808
5854
5873
5876
5879
5896
5906
5914
5939
5987
5991
5992
6025
6037
6042
6089
6134
6170
6173
6197
6200
6225
6226
6228
6232
6236
6255
6266
6307
6370
6371
6382
6422
6430
6481
6524
6525
6536
6538
6541
6542
6543
6544
6558
6560
6565
6569
6575
6577
6587
6622
6624
6708
6744
6748
6750
6756
6761
6777
6794
6812
6818
6826
6830
6832
6841
6857
6865
6869
6870
6871
6878
6889
6923
6933
6956
6972
6975
7021
7024
7049
7052
7053
7054
7055
7059
7060
7076
7142
7186
7187
7192
7198
7201
7206
7210
7239
7257
7262
7266
7289
7330
7339
7340
7343
7344
7379
7395
7418
7423
7431
7448
7449
7450
7468
7475
7483
7485
7515
7526
7537
7541
7582
7591
7594
7687
7698
7717
7731
7765
7784
7788
7790
7792
7793
7797
7798
7805
7869
7873
7899
7924
7927
7928
7988
8047
8070
8085
8105
8138
8139
8143
8152
8154
8220
8224
8225
8237
8320
8327
8328
8364
8370
8374
8382
8392
8431
8434
8445
8452
8463
8483
8522
8547
8560
8562
8564
8568
8569
8590
8602
8608
8613
8632
8666
8684
8702
8717
8775
8780
8799
8802
8805
8817
8819
8829
8833
8834
8836
8840
8842
8849
8876
8891
8965
8972
8978
8980
8985
8987
8999
9010
9020
9041
9066
9075
9090
9093
9161
9173
9189
9211
9243
9264
9273
9319
9366
9378
9391
9405
9427
9441
9470
9480
9594
9595
9597
9623
9647
9676
9757
9764
9766
9769
9770
9771
9885
9886
9888
9889
9894
9904
9914
9918
9942
9954
9966
9979
10001
10031
10045
10046
10056
10062
10221
10305
10367
10368
10369
10379
10383
10386
10389
10390
10413
10450
10511
10516
10523
10537
10539
10547
10599
10602
10623
10633
10635
10675
10685
10710
10711
10720
10721
10744
10745
10774
10775
10791
10794
10795
10805
10810
10845
10883
10922
10944
11017
11040
11089
11107
11115
11129
11137
11141
11146
11171
11193
11198
11222
11223
11225
11226
11230
11232
11233
11234
11235
11241
11263
11281
11320
11357
11363
11364
11554
11571
11572
11574
11585
11586
11655
11671
11673
11683
11699
11700
11705
11728
11778
11780
11786
11814
11847
11849
11850
11860
11991
11992
11998
12066
12110
12198
12203
12205
12241
12255
12256
12258
12269
12272
12329
12343
12395
12404
12421
12423
12430
12436
12441
12442
12445
12452
12454
12457
12490
12510
12552
12570
12575
12631
12632
12727
12745
12788
12810
12942
12953