1
21
38
44
47
48
83
106
137
138
140
196
227
228
229
298
310
312
313
326
347
368
405
472
476
520
562
570
571
573
588
589
590
606
654
655
660
684
687
697
760
763
772
774
780
781
824
837
838
843
844
870
871
872
874
879
880
881
882
883
885
886
887
916
920
939
942
961
964
965
968
969
975
978
997
999
1007
1053
1089
1111
1132
1148
1152
1153
1161
1167
1168
1194
1213
1235
1236
1237
1238
1240
1255
1258
1290
1298
1299
1316
1332
1333
1334
1370
1376
1377
1378
1380
1382
1401
1407
1412
1417
1418
1420
1423
1433
1442
1451
1490
1536
1540
1546
1590
1600
1619
1623
1639
1696
1709
1718
1719
1739
1760
1779
1780
1799
1805
1806
1835
1882
1886
1923
1925
1926
1930
1945
1948
1951
1954
1956
1972
1973
1976
2014
2023
2025
2028
2029
2058
2063
2073
2086
2105
2109
2110
2111
2112
2113
2123
2156
2179
2190
2202
2206
2228
2234
2240
2275
2302
2364
2393
2396
2397
2398
2440
2456
2520
2534
2556
2560
2566
2588
2589
2593
2606
2624
2634
2658
2659
2660
2695
2722
2723
2736
2739
2746
2756
2760
2761
2762
2764
2765
2766
2767
2768
2772
2795
2796
2813
2814
2816
2818
2819
2820
2831
2854
2855
2864
2865
2918
2919
2920
2921
2922
2923
2934
2935
2936
2939
2940
2947
2963
2987
2996
3009
3015
3034
3043
3046
3048
3049
3050
3055
3063
3077
3082
3084
3086
3095
3097
3111
3118
3124
3138
3139
3140
3143
3165
3171
3176
3280
3281
3282
3394
3428
3429
3439
3440
3475
3481
3489
3511
3513
3521
3554
3580
3596
3603
3606
3631
3775
3784
3789
3798
3804
3818
3842
3843
3859
3867
3891
3899
3901
3909
3932
3963
3964
4013
4032
4036
4037
4091
4094
4098
4100
4112
4115
4118
4139
4144
4154
4180
4182
4184
4274
4283
4295
4314
4330
4351
4352
4353
4358
4367
4380
4381
4382
4433
4472
4476
4478
4481
4482
4493
4528
4548
4550
4559
4561
4581
4596
4598
4599
4603
4615
4668
4702
4728
4731
4733
4746
4758
4781
4823
4826
4827
4867
4897
4933
4960
4963
4983
5003
5004
5006
5010
5014
5027
5038
5072
5129
5130
5141
5185
5220
5253
5254
5263
5265
5266
5267
5268
5280
5282
5287
5291
5296
5298
5328
5329
5404
5431
5435
5442
5447
5458
5471
5489
5494
5503
5506
5515
5525
5536
5537
5542
5552
5573
5582
5612
5615
5652
5654
5674
5677
5678
5679
5680
5684
5685
5698
5791
5792
5796
5802
5804
5809
5812
5837
5850
5853
5856
5877
5917
5926
5927
5930
5957
5971
5993
5997
6002
6015
6016
6031
6036
6044
6072
6083
6094
6123
6128
6130
6219
6228
6240
6255
6283
6301
6303
6305
6306
6310
6311
6317
6337
6339
6356
6382
6385
6386
6433
6490
6534
6564
6565
6568
6576
6578
6636
6637
6647
6706
6713
6714
6741
6746
6750
6758
6766
6804
6806
6812
6817
6828
6845
6879
6904
6915
6917
6919
6938
6949
6955
6978
7008
7025
7038
7094
7099
7117
7121
7124
7132
7134
7144
7147
7148
7150
7154
7177
7189
7255
7258
7264
7266
7271
7273
7284
7293
7302
7323
7346
7349
7362
7365
7413
7424
7437
7455
7485
7498
7507
7538
7574
7585
7597
7640
7668
7678
7774
7775
7777
7802
7820
7844
7903
7908
7910
7913
7914
7915
8004
8006
8007
8011
8020
8028
8032
8050
8063
8070
8082
8093
8112
8123
8133
8136
8293
8294
8295
8304
8308
8311
8314
8315
8332
8366
8412
8417
8433
8434
8439
8468
8469
8486
8495
8497
8533
8536
8544
8568
8569
8577
8578
8598
8599
8626
8627
8641
8644
8645
8652
8657
8685
8720
8749
8766
8826
8846
8885
8897
8902
8910
8915
8919
8922
8942
8955
8958
8975
8976
8977
8978
8981
8983
8984
8985
8986
8992
9008
9021
9051
9083
9130
9134
9135
9137
9148
9149
9212
9226
9233
9246
9247
9251
9269
9313
9315
9321
9343
9372
9373
9374
9382
9465
9466
9472
9534
9572
9650
9655
9657
9692
9705
9707
9716
9718
9763
9772
9812
9821
9839
9841
9848
9855
9858
9859
9860
9867
9869
9872
9900
9912
9926
9935
9971
9972
10055
10071
10106
10120
10236
10243