2
43
53
54
55
85
127
132
133
134
135
136
170
171
190
191
242
257
270
274
284
289
292
295
337
361
373
389
410
414
416
423
424
426
437
440
442
470
482
535
561
568
572
574
575
580
583
591
614
628
636
643
644
645
650
652
671
675
676
704
705
713
715
717
718
719
720
721
722
723
724
725
727
728
741
748
752
755
757
758
769
788
796
800
805
807
847
856
861
877
878
890
901
923
931
958
967
976
979
980
991
992
993
996
1009
1012
1025
1048
1073
1074
1080
1081
1087
1102
1123
1125
1142
1169
1171
1174
1176
1191
1193
1227
1228
1229
1231
1271
1272
1278
1292
1302
1315
1317
1340
1342
1366
1369
1371
1397
1437
1440
1454
1458
1459
1461
1466
1468
1469
1470
1472
1479
1501
1507
1520
1524
1528
1531
1535
1544
1547
1554
1572
1573
1577
1606
1632
1637
1661
1664
1670
1676
1679
1689
1714
1725
1726
1741
1746
1748
1757
1758
1801
1804
1842
1843
1854
1896
1897
1903
1904
1905
1908
1915
1917
1922
1933
1949
1981
1985
2006
2031
2033
2047
2064
2065
2081
2089
2093
2098
2122
2159
2168
2170
2172
2177
2217
2218
2226
2245
2246
2250
2251
2254
2260
2264
2265
2278
2282
2295
2303
2304
2310
2311
2322
2332
2333
2340
2344
2360
2363
2379
2382
2383
2390
2418
2419
2436
2485
2487
2505
2511
2512
2525
2531
2542
2547
2548
2551
2558
2559
2605
2609
2631
2637
2650
2651
2657
2666
2667
2668
2677
2687
2688
2702
2719
2732
2783
2784
2785
2786
2788
2793
2811
2822
2823
2841
2884
2885
2895
2913
2914
2925
2932
2933
2941
2942
2944
2945
2951
2958
2993
3003
3008
3047
3064
3098
3099
3100
3130
3149
3156
3159
3170
3204
3206
3218
3219
3237
3273
3279
3306
3314
3343
3348
3350
3376
3377
3380
3385
3387
3398
3400
3456
3459
3460
3473
3482
3492
3506
3508
3510
3526
3527
3550
3559
3573
3587
3605
3632
3644
3649
3650
3653
3655
3661
3662
3664
3666
3690
3691
3694
3708
3719
3741
3743
3744
3756
3758
3759
3772
3774
3782
3801
3806
3823
3837
3838
3854
3864
3866
3868
3869
3871
3873
3874
3876
3880
3881
3884
3948
3953
3956
3966
3973
3998
4015
4028
4051
4083
4120
4156
4158
4159
4166
4187
4189
4197
4211
4212
4213
4231
4233
4244
4245
4246
4247
4251
4255
4257
4262
4279
4292
4346
4347
4348
4356
4357
4359
4364
4365
4378
4412
4415
4422
4423
4444
4463
4466
4467
4494
4495
4506
4511
4542
4543
4555
4566
4572
4585
4593
4601
4616
4667
4669
4673
4695
4697
4698
4707
4739
4740
4747
4795
4797
4798
4800
4801
4814
4816
4822
4851
4853
4854
4860
4861
4871
4877
4878
4898
4919
4937
4938
4941
4947
4956
4975
4978
4980
4997
4999
5000
5017
5026
5029
5031
5033
5036
5045
5051
5064
5079
5083
5088
5106
5122
5153
5162
5164
5176
5178
5201
5204
5215
5216
5230
5231
5233
5234
5241
5242
5244
5247
5248
5252
5278
5281
5293
5302
5308
5309
5310
5313
5316
5319
5324
5341
5346
5347
5363
5392
5393
5423
5424
5439
5448
5451
5455
5460
5467
5469
5474
5493
5496
5497
5502
5511
5516
5517
5522
5523
5597
5598
5599
5600
5602
5604
5605
5606
5608
5610
5613
5614
5616
5617
5628
5629
5642
5643
5657
5670
5673
5676
5689
5690
5692
5695
5697
5752
5763
5769
5770
5771
5772
5786
5830
5831
5839
5840
5851
5859
5863
5864
5872
5873
5888
5891
5896
5900
5907
5912
5918
5920
5921
5941
5946
5947
5948
5949
5954
5956
5965
5996
5999
6009
6014
6019
6035
6042
6043
6057
6061
6064
6065
6066
6067
6068
6090
6096
6120
6151
6152
6154
6155
6156
6157
6160
6163
6183
6186
6187
6200
6201
6209
6210
6214
6227
6229
6268
6275
6276
6280
6290
6329
6335
6349
6366
6380
6391
6400
6401
6415
6461
6476
6483
6484
6485
6494
6498
6499
6500
6504
6505
6520
6528
6584
6585
6594
6603
6624
6644
6645
6680
6684
6686
6699
6703
6724
6739
6743
6762
6763
6773
6785
6799
6807
6811
6813
6841
6865
6867
6871
6872
6881
6885
6887
6905
6907
6922
6933
6944
6970
6983
7004
7015
7019
7047
7111
7119
7120
7129
7130
7169
7174
7175
7186
7196
7204
7207
7210
7219
7220
7235
7238
7241
7242
7243
7251
7252
7254
7256
7261
7262
7267
7282
7283
7291
7292
7295
7310
7311
7317
7318
7321
7341
7351
7370
7374
7377
7380
7381
7394
7395
7401
7403
7407
7410
7422
7423
7431
7434
7439
7441
7446
7463
7469
7470
7472
7475
7476
7479
7487
7505
7506
7512
7517
7519
7523
7535
7536
7551
7555
7556
7561
7562
7567
7568
7569
7570
7571
7584
7595
7603
7622
7623
7629
7633
7641
7646
7654
7682
7723
7741
7747
7750
7757
7770
7806
7826
7830
7832
7833
7847
7851
7861
7863
7890
7892
7899
7911
7912
7916
7919
7920
7921
7924
7953
7955
7961
7962
7983
7984
7985
7990
7994
7995
7996
7998
8002
8003
8025
8048
8053
8054
8058
8062
8073
8074
8076
8078
8104
8122
8130
8152
8154
8183
8221
8222
8226
8233
8236
8246
8247
8250
8268
8273
8277
8285
8288
8289
8296
8299
8320
8321
8328
8331
8336
8355
8370
8372
8373
8387
8390
8391
8392
8393
8398
8401
8413
8445
8456
8464
8465
8471
8479
8485
8487
8488
8496
8500
8517
8555
8567
8600
8601
8606
8607
8610
8612
8617
8619
8620
8621
8622
8623
8624
8648
8670
8697
8698
8710
8719
8724
8731
8733
8737
8753
8755
8759
8764
8767
8771
8784
8785
8790
8805
8817
8818
8828
8836
8838
8841
8862
8865
8866
8875
8879
8883
8888
8889
8903
8906
8907
8925
8937
8962
8963
9006
9012
9032
9033
9034
9038
9064
9073
9096
9097
9100
9101
9102
9107
9108
9109
9113
9119
9125
9133
9153
9175
9202
9206
9210
9211
9219
9223
9238
9239
9273
9275
9279
9282
9284
9301
9304
9308
9325
9337
9348
9349
9350
9351
9362
9386
9390
9394
9401
9411
9412
9415
9437
9439
9440
9441
9449
9450
9451
9478
9482
9484
9504
9505
9517
9527
9537
9547
9551
9584
9586
9606
9608
9609
9621
9625
9633
9635
9638
9647
9653
9661
9663
9667
9668
9671
9680
9701
9708
9710
9715
9717
9723
9738
9740
9744
9759
9760
9761
9762
9777
9779
9781
9798
9805
9816
9818
9838
9856
9865
9880
9885
9893
9903
9911
9920
9921
9922
9923
9925
9937
9938
9944
9955
9958
9959
9960
9964
9965
9966
9967
9993
10009
10016
10017
10019
10022
10024
10027
10040
10041
10043
10044
10046
10048
10053
10057
10059
10063
10065
10066
10070
10073
10075
10077
10078
10079
10083
10084
10085
10086
10087
10089
10090
10091
10092
10093
10094
10095
10098
10099
10109
10110
10111
10112
10114
10115
10116
10118
10119
10122
10123
10124
10125
10126
10127
10128
10129
10130
10131
10132
10133
10134
10135
10136
10137
10140
10141
10142
10146
10148
10149
10150
10152
10153
10154
10155
10156
10157
10159
10161
10162
10163
10171
10172
10174
10176
10177
10178
10179
10180
10181
10182
10183
10187
10189
10193
10195
10196
10197
10199
10201
10202
10203
10204
10205
10206
10207
10209
10211
10214
10217
10218
10219
10220
10221
10222
10224
10225
10226
10229
10230
10233
10245